[Data]
35353
HimitsuHiketsu
what,
HimitsuHiketsu
140
0:35
32
-
[HitObjects]
192,2000,1
192,2214,1
448,2428,1
320,2642,1
320,2750,1
64,2857,1
320,3000,1
64,3142,1
448,3285,1
320,3428,1
64,3500,1
64,3607,1
448,3714,1
192,3785,1
448,3857,1
64,4035,1
320,4142,1
192,4250,1
448,4303,1
64,4383,1
320,4437,1
192,4491,1
64,4544,1
320,4625,1
448,4678,1
192,4785,1
64,4892,1
320,5000,1
320,5160,1
320,5321,1
64,5428,1
448,5500,1
192,5571,1
320,5642,1
448,5696,1
64,5750,1
192,5803,1
320,5857,1
64,6071,1
448,6285,1
192,6339,1
320,6392,1
64,6446,1
448,6500,1
192,6660,1
64,6714,1
320,6821,1
192,7035,1
448,7142,1
320,7196,1
64,7250,1
192,7285,1
320,7330,1
64,7383,1
448,7428,1
192,7464,1
320,7517,1
448,7571,1
192,7785,1
320,8000,1
64,8107,1
320,8214,1
192,8428,1
448,8642,1
64,8857,1
320,9031,1
192,9118,1
448,9205,1
192,9380,1
64,9554,1
64,9641,1
320,9729,1
192,9758,1
64,9787,1
448,9816,1
192,9845,1
320,9874,1
64,9903,1
448,9961,1
320,10019,1
192,10077,1
448,10165,1
64,10252,1
192,10281,1
320,10317,1
448,10361,1
64,10397,1
192,10426,1
448,10513,1
64,10601,1
320,10688,1
192,10775,1
448,10862,1
320,10884,1
192,10906,1
64,10928,1
448,10950,1
192,11015,1
320,11095,1
64,11124,1
448,11153,1
64,11233,1
448,11298,1
320,11342,1
192,11407,1
64,11451,1
448,11473,1
192,11495,1
320,11538,1
448,11604,1
64,11647,1
192,11822,1
448,11909,1
320,11931,1
192,11952,1
64,11974,1
448,11996,1
192,12112,1
320,12170,1
192,12229,1
64,12345,1
320,12461,1
192,12519,1
320,12577,1
192,12694,1
64,12810,1
448,12868,1
64,12926,1
192,13043,1
320,13257,1
192,13364,1
448,13471,1
192,13685,1
64,13900,1
64,14007,1
320,14114,1
192,14150,1
64,14185,1
448,14221,1
192,14257,1
320,14293,1
64,14328,1
448,14400,1
320,14471,1
192,14543,1
448,14650,1
64,14757,1
192,14793,1
320,14837,1
448,14891,1
64,14935,1
192,14971,1
448,15078,1
64,15185,1
320,15293,1
64,15400,1
448,15507,1
320,15534,1
192,15560,1
64,15587,1
448,15614,1
192,15694,1
320,15793,1
192,15828,1
448,15864,1
64,15962,1
448,16043,1
320,16096,1
192,16176,1
64,16230,1
448,16257,1
192,16284,1
320,16337,1
448,16418,1
64,16471,1
192,16685,1
448,16793,1
320,16819,1
192,16846,1
64,16873,1
448,16900,1
192,17043,1
448,17114,1
192,17185,1
64,17328,1
320,17471,1
192,17543,1
320,17614,1
192,17757,1
64,17900,1
448,17971,1
64,18043,1
192,18185,5
192,18359,1
448,18533,1
320,18708,1
320,18795,1
64,18882,1
320,18998,1
64,19115,1
192,19231,1
320,19347,1
64,19405,1
64,19493,1
448,19580,1
192,19638,1
448,19696,1
64,19841,1
320,19929,1
192,20016,1
448,20060,1
64,20125,1
320,20169,1
192,20212,1
64,20256,1
320,20321,1
448,20365,1
192,20452,1
64,20539,1
320,20626,1
320,20757,1
320,20888,1
64,20975,1
448,21033,1
192,21091,1
320,21150,1
448,21193,1
64,21237,1
192,21280,1
320,21324,1
64,21498,1
448,21673,1
192,21716,1
320,21760,1
64,21804,1
448,21847,1
192,21978,1
64,22022,1
320,22109,1
192,22283,1
448,22371,1
320,22414,1
64,22458,1
192,22487,1
320,22523,1
64,22567,1
448,22603,1
192,22632,1
320,22676,1
448,22719,1
192,22894,1
320,23068,1
64,23155,1
320,23243,1
192,23417,1
448,23591,1
192,23766,5
192,23884,1
448,24002,1
320,24120,1
320,24179,1
64,24238,1
320,24317,1
64,24395,1
192,24474,1
320,24553,1
64,24592,1
64,24651,1
448,24710,1
192,24750,1
448,24789,1
64,24888,1
320,24947,1
192,25006,1
448,25035,1
64,25079,1
320,25109,1
192,25139,1
64,25168,1
320,25212,1
448,25242,1
192,25301,1
64,25360,1
320,25419,1
320,25508,1
320,25596,1
64,25655,1
448,25695,1
192,25734,1
320,25773,1
448,25803,1
64,25832,1
192,25862,1
320,25891,1
64,26010,1
448,26128,1
192,26157,1
320,26187,1
64,26216,1
448,26246,1
192,26334,1
64,26364,1
320,26423,1
192,26541,1
448,26600,1
320,26630,1
64,26659,1
192,26679,1
320,26703,1
64,26733,1
448,26758,1
192,26777,1
320,26807,1
448,26836,1
192,26954,1
320,27073,1
64,27132,1
320,27191,1
192,27309,1
448,27427,1
64,27545,1
320,27663,1
192,27722,1
448,27781,1
192,27899,1
64,28017,1
64,28076,1
320,28135,1
192,28155,1
64,28174,1
448,28194,1
192,28214,1
320,28233,1
64,28253,1
448,28293,1
320,28332,1
192,28371,1
448,28430,1
64,28489,1
192,28519,1
320,28534,1
448,28563,1
64,28588,1
192,28607,1
448,28667,1
64,28726,1
320,28785,1
192,28844,1
448,28903,1
320,28918,1
192,28932,1
64,28947,1
448,28962,1
192,29006,1
320,29060,1
64,29080,1
448,29100,1
64,29154,1
448,29198,1
320,29228,1
192,29272,1
64,29301,1
448,29316,1
192,29336,1
320,29375,1
448,29405,1
64,29434,1
192,29552,1
448,29611,1
320,29626,1
192,29641,1
64,29656,1
448,29670,1
192,29749,1
320,29789,1
192,29828,1
64,29907,1
320,29985,1
192,30025,1
320,30064,1
192,30143,1
64,30222,1
448,30261,1
64,30300,1
192,30379,1
320,30497,1
192,30556,1
448,30615,1
192,30733,1
64,30852,1
64,30911,1
320,30970,1
192,30989,1
64,31009,1
448,31029,1
192,31048,1
320,31068,1
64,31088,1
448,31127,1
320,31167,1
192,31206,1
448,31265,1
64,31324,1
192,31344,1
320,31368,1
448,31398,1
64,31422,1
192,31442,1
448,31501,1
64,31560,1
320,31619,1
192,31678,1
448,31737,1
320,31752,1
192,31767,1
64,31782,1
448,31796,1
192,31841,1
320,31895,1
192,31915,1
448,31934,1
64,31988,1
448,32033,1
320,32062,1
192,32107,1
64,32136,1
448,32151,1
192,32166,1
320,32195,1
448,32239,1
64,32269,1
192,32387,1
448,32446,1
320,32461,1
192,32476,1
64,32490,1
448,32505,1
192,32584,1
320,32623,1
192,32663,1
64,32741,1
320,32820,1
192,32859,1
320,32899,1
192,32978,1
64,33056,1
320,33096,1
64,33135,1
192,33214,1
320,33271,1
192,33300,1
448,33328,1
192,33386,1
64,33443,1
64,33472,1
320,33501,1
192,33510,1
64,33522,1
448,33530,1
192,33539,1
320,33549,1
64,33558,1
448,33577,1
320,33597,1
192,33616,1
448,33645,1
64,33673,1
192,33688,1
320,33695,1
448,33709,1
64,33721,1
192,33731,1
448,33759,1
64,33788,1
320,33817,1
192,33846,1
448,33874,1
320,33882,1
192,33889,1
64,33896,1
448,33903,1
192,33925,1
320,33951,1
64,33961,1
448,33975,1
64,33997,1
448,34018,1
320,34037,1
192,34054,1
64,34068,1
448,34076,1
192,34085,1
320,34104,1
448,34119,1
64,34133,1
192,34191,1
448,34219,1
320,34226,1
192,34234,1
64,34241,1
448,34248,1
192,34286,1
448,34305,1
192,34325,1
64,34363,1
320,34401,1
64,34420,1
320,34440,1
192,34478,1
64,34516,1
320,34535,1
64,34554,1
448,34593,1
64,34631,1
192,34669,1
448,34708,1
320,34746,1
448,34784,1
192,34823,1
320,34861,1
192,34899,1
448,34938,1
192,34976,1
448,35014,1
64,35053,1
320,35091,1
64,35129,1
192,35168,1
320,35206,1
448,35244,1
64,35282,1